hashtag,anticorruption,biodiversity,climate,compliance,corpgov,cybersecurity,diversity,employeeengagement,energy,ghg,governance,humanrights,investment,modernslavery,netneutrality,nutrition,packaging,philanthropy,procurement,recycling,renewable,reputation,sri,supplychain,transport,wage
anticorruption,1,0.2032902941,-0.02427013218,0.6190777748,-0.02578295165,0.5421572367,0.7328678995,0.4190461691,0.3964074842,0.2997609472,0.4658603284,0.3680290532,0.04889978939,-0.01190539465,-0.02077181819,0.4968807432,-0.02385686582,0.2090307208,-0.01689810692,0.6045872137,0.0705497144,-0.0195599022,0.3443144611,0.2252459453,-0.02271167554,-0.01689810692
biodiversity,0.2032902941,1,-0.03126116355,0.07388365877,-0.04916216323,0.2130599166,0.1952040176,0.1032458023,0.406645219,0.05059898457,0.1446084088,0.09634669268,0.1423989999,-0.02410889176,-0.04206374766,0.3328780565,0.05803888901,0.06638801975,0.17562568,0.1675827799,0.01371050526,-0.03960957019,0.150574603,0.1022203862,0.1044289736,0.03572900654
climate,-0.02427013218,-0.03126116355,1,-0.03341319555,0.001239140555,-0.03573673532,-0.03509911114,-0.01189203013,0.128668562,0.09725560068,0.006811068741,-0.002281233535,0.0662935306,-0.02434711877,-0.0313423908,-0.02297244338,0.03869177119,0.0238633575,-0.03455746142,0.01428970322,0.2458676243,-0.01139945166,0.006532327581,0.06401709335,-0.02784878366,0.04204135609
compliance,0.6190777748,0.07388365877,-0.03341319555,1,0.3757740809,0.3489117984,0.5977284706,0.650635697,0.2104118441,0.2467290015,0.2332242972,0.5740157349,0.01793824984,-0.01848501505,-0.03225154506,0.2440585984,-0.03704157123,0.5882339388,-0.0262369934,0.3696619775,-0.008446828448,0.1319920539,0.4562995938,0.1622794766,-0.03526348152,-0.0262369934
corpgov,-0.02578295165,-0.04916216323,0.001239140555,0.3757740809,1,0.09536646234,0.03244977608,0.05321773753,-0.005279750201,-3.44E-04,-0.02294138967,0.1622453031,-0.02696688138,-1.12E-04,-1.96E-04,-0.0369001131,-2.25E-04,0.09996205693,-0.02227429714,-0.01139713312,-0.02950782481,-0.02578295165,0.1173052268,0.01181186965,-0.00615856575,-1.59E-04
cybersecurity,0.5421572367,0.2130599166,-0.03573673532,0.3489117984,0.09536646234,1,0.5091863165,0.2437126539,0.4353177274,0.3083659411,0.3596753699,0.2661955766,0.2771470043,-0.0177922811,-0.03104290443,0.4455921479,0.01199874789,0.1356377084,-0.0252537507,0.4246010191,0.01541365563,-0.0292317297,0.3548192651,0.1429807428,0.6147738821,-0.0252537507
diversity,0.7328678995,0.1952040176,-0.03509911114,0.5977284706,0.03244977608,0.5091863165,1,0.5961465299,0.4599739607,0.3262309762,0.5329020422,0.5774778631,0.06931060099,0.007019194259,0.03656505444,0.5015174458,0.04414420138,0.5322252141,-0.009820476711,0.6425889656,0.09924345648,-0.02281717524,0.7357305862,0.3218109736,-0.02915275264,0.0495293608
employeeengagement,0.4190461691,0.1032458023,-0.01189203013,0.650635697,0.05321773753,0.2437126539,0.5961465299,1,0.3992331809,0.2829423421,0.4054083235,0.6812117634,0.1374314154,0.1165694879,0.08257020308,0.3530764266,0.2762844418,0.8104476697,-0.03111114285,0.4067877855,0.2145769063,0.1915171945,0.715024232,0.4794563445,-0.04181451718,0.2637376428
energy,0.3964074842,0.406645219,0.128668562,0.2104118441,-0.005279750201,0.4353177274,0.4599739607,0.3992331809,1,0.1904227031,0.4951363129,0.3731167482,0.4474961572,-0.03149536042,-0.04711714431,0.4848510258,0.4435211002,0.3052455592,-0.01602446004,0.4270621789,0.570063376,0.0312460965,0.5018096095,0.5186942892,0.1197963556,0.3568021403
ghg,0.2997609472,0.05059898457,0.09725560068,0.2467290015,-3.44E-04,0.3083659411,0.3262309762,0.2829423421,0.1904227031,1,0.3976048279,0.2321254221,0.06026588242,0.06872687432,0.04054117794,0.1907355091,0.2779618133,0.2390130531,-0.03158715185,0.2744399689,0.1504220214,-0.03656277024,0.3333199118,0.17301957,-0.04245429072,0.03298070266
governance,0.4658603284,0.1446084088,0.006811068741,0.2332242972,-0.02294138967,0.3596753699,0.5329020422,0.4054083235,0.4951363129,0.3976048279,1,0.3562762641,0.1698075274,-0.02103632164,-0.0367029117,0.409792762,0.4085701057,0.3054933219,-0.02985823006,0.4736212926,0.2665707378,-0.03456150813,0.5496274789,0.5226861505,-0.04013055642,0.3159996014
humanrights,0.3680290532,0.09634669268,-0.002281233535,0.5740157349,0.1622453031,0.2661955766,0.5774778631,0.6812117634,0.3731167482,0.2321254221,0.3562762641,1,0.1263643876,0.07869188996,0.04510235922,0.3199173975,0.1495431553,0.6287356664,-0.03831000747,0.3897424041,0.1022422987,0.2378057904,0.6704678297,0.3593810334,-0.0313291604,0.1491931981
investment,0.04889978939,0.1423989999,0.0662935306,0.01793824984,-0.02696688138,0.2771470043,0.06931060099,0.1374314154,0.4474961572,0.06026588242,0.1698075274,0.1263643876,1,-0.0194880107,-0.03400151167,0.1982592453,0.2266622293,0.1086718746,0.007292342862,0.06861304803,0.2165936339,0.04889978939,0.1300982044,0.2572528099,0.225900215,0.2170100652
modernslavery,-0.01190539465,-0.02410889176,-0.02434711877,-0.01848501505,-1.12E-04,-0.0177922811,0.007019194259,0.1165694879,-0.03149536042,0.06872687432,-0.02103632164,0.07869188996,-0.0194880107,1,0.8660484753,-0.02011063916,-0.01452079871,-0.01674524407,-0.01028525755,-0.0186776807,-0.03038578467,-0.01190539465,0.226921457,-0.01841198178,-0.01382376341,-0.01028525755
netneutrality,-0.02077181819,-0.04206374766,-0.0313423908,-0.03225154506,-1.96E-04,-0.03104290443,0.03656505444,0.08257020308,-0.04711714431,0.04054117794,-0.0367029117,0.04510235922,-0.03400151167,0.8660484753,1,-0.03508783645,-0.02533501826,0.03358345175,-0.01794510019,-0.02455633159,0.01521735284,0.09953162882,0.1840217303,-0.03212412098,-0.0241188729,-0.01794510019
nutrition,0.4968807432,0.3328780565,-0.02297244338,0.2440585984,-0.0369001131,0.4455921479,0.5015174458,0.3530764266,0.4848510258,0.1907355091,0.409792762,0.3199173975,0.1982592453,-0.02011063916,-0.03508783645,1,0.1917188474,0.2199061591,-0.02854434824,0.4434444223,0.1285652327,-0.03304066323,0.4001267181,0.3093460257,0.04367667967,0.1240581289
packaging,-0.02385686582,0.05803888901,0.03869177119,-0.03704157123,-2.25E-04,0.01199874789,0.04414420138,0.2762844418,0.4435211002,0.2779618133,0.4085701057,0.1495431553,0.2266622293,-0.01452079871,-0.02533501826,0.1917188474,1,0.262348662,-0.02061032133,0.1073211777,0.3640990164,-0.02385686582,0.2621659642,0.6041592605,-0.02770102786,0.5303194218
philanthropy,0.2090307208,0.06638801975,0.0238633575,0.5882339388,0.09996205693,0.1356377084,0.5322252141,0.8104476697,0.3052455592,0.2390130531,0.3054933219,0.6287356664,0.1086718746,-0.01674524407,0.03358345175,0.2199061591,0.262348662,1,-0.02376762241,0.3062229893,0.1855255703,-0.027511506,0.7070711981,0.4303914865,-0.03194455634,0.2487024407
procurement,-0.01689810692,0.17562568,-0.03455746142,-0.0262369934,-0.02227429714,-0.0252537507,-0.009820476711,-0.03111114285,-0.01602446004,-0.03158715185,-0.02985823006,-0.03831000747,0.007292342862,-0.01028525755,-0.01794510019,-0.02854434824,-0.02061032133,-0.02376762241,1,-0.02651045638,-0.04312853571,-0.01689810692,-0.02267701627,-0.02613333248,-0.01962097344,-0.01459854015
recycling,0.6045872137,0.1675827799,0.01428970322,0.3696619775,-0.01139713312,0.4246010191,0.6425889656,0.4067877855,0.4270621789,0.2744399689,0.4736212926,0.3897424041,0.06861304803,-0.0186776807,-0.02455633159,0.4434444223,0.1073211777,0.3062229893,-0.02651045638,1,0.1726094281,-0.03068639206,0.5525441852,0.6538168797,-0.02509333944,0.1106952567
renewable,0.0705497144,0.01371050526,0.2458676243,-0.008446828448,-0.02950782481,0.01541365563,0.09924345648,0.2145769063,0.570063376,0.1504220214,0.2665707378,0.1022422987,0.2165936339,-0.03038578467,0.01521735284,0.1285652327,0.3640990164,0.1855255703,-0.04312853571,0.1726094281,1,-0.02582778242,0.2280557028,0.4413644449,-0.05796633398,0.3315506183
reputation,-0.0195599022,-0.03960957019,-0.01139945166,0.1319920539,-0.02578295165,-0.0292317297,-0.02281717524,0.1915171945,0.0312460965,-0.03656277024,-0.03456150813,0.2378057904,0.04889978939,-0.01190539465,0.09953162882,-0.03304066323,-0.02385686582,-0.027511506,-0.01689810692,-0.03068639206,-0.02582778242,1,-0.02624910722,-0.001050342482,-0.02271167554,-0.01689810692
sri,0.3443144611,0.150574603,0.006532327581,0.4562995938,0.1173052268,0.3548192651,0.7357305862,0.715024232,0.5018096095,0.3333199118,0.5496274789,0.6704678297,0.1300982044,0.226921457,0.1840217303,0.4001267181,0.2621659642,0.7070711981,-0.02267701627,0.5525441852,0.2280557028,-0.02624910722,1,0.5000403137,-0.03047874167,0.2482070296
supplychain,0.2252459453,0.1022203862,0.06401709335,0.1622794766,0.01181186965,0.1429807428,0.3218109736,0.4794563445,0.5186942892,0.17301957,0.5226861505,0.3593810334,0.2572528099,-0.01841198178,-0.03212412098,0.3093460257,0.6041592605,0.4303914865,-0.02613333248,0.6538168797,0.4413644449,-0.001050342482,0.5000403137,1,-0.03512415745,0.5666759075
transport,-0.02271167554,0.1044289736,-0.02784878366,-0.03526348152,-0.00615856575,0.6147738821,-0.02915275264,-0.04181451718,0.1197963556,-0.04245429072,-0.04013055642,-0.0313291604,0.225900215,-0.01382376341,-0.0241188729,0.04367667967,-0.02770102786,-0.03194455634,-0.01962097344,-0.02509333944,-0.05796633398,-0.02271167554,-0.03047874167,-0.03512415745,1,-0.01962097344
wage,-0.01689810692,0.03572900654,0.04204135609,-0.0262369934,-1.59E-04,-0.0252537507,0.0495293608,0.2637376428,0.3568021403,0.03298070266,0.3159996014,0.1491931981,0.2170100652,-0.01028525755,-0.01794510019,0.1240581289,0.5303194218,0.2487024407,-0.01459854015,0.1106952567,0.3315506183,-0.01689810692,0.2482070296,0.5666759075,-0.01962097344,1